(United_States_09d4,0.0013443068793437837)
(2006,0.001294840713790216)
(United_Kingdom_5ad7,7.06990754042648E-4)
(2005,5.979183168276623E-4)
(Biography,4.6847385711554045E-4)
(England,4.447241664097491E-4)
(France,4.2457691785682523E-4)
(Canada,4.192805552387483E-4)
(2004,4.178622716172122E-4)
(Germany,3.815389660467144E-4)
(Australia,3.511759331720879E-4)
(India,3.2962248025097685E-4)
(2003,3.2508628817951675E-4)
(Japan,3.064018666553698E-4)
(Internet_Movie_Database_7ea7,2.874389792638405E-4)
(Italy,2.818579291507487E-4)
(2002,2.7139218209404125E-4)
(2001,2.609930225644342E-4)
(Europe,2.537000635219417E-4)
(London,2.522276957733583E-4)
(Record_label,2.475109517078876E-4)
(World_War_II_d045,2.428244790153047E-4)
(2000,2.3482506935040707E-4)
(English_language,2.317417611985526E-4)
(1999,2.2628217704485272E-4)
(Wiktionary,2.1595007399717107E-4)
(Russia,2.1188202021166463E-4)
(Music_genre,2.064956243439582E-4)
(Geographic_coordinate_system,2.0542795130190639E-4)
(Spain,2.0503702147808082E-4)
(Wikimedia_Commons_7b57,1.9851118984289687E-4)
(1998,1.981102455440758E-4)
(1997,1.8948515672065897E-4)
(Television,1.8015292858950522E-4)
(Scotland,1.7717202294619515E-4)
(1996,1.7607954115812812E-4)
(New_York_City_1428,1.7398048754956006E-4)
(Football_(soccer),1.7226942357043872E-4)
(1995,1.6841188255784813E-4)
(China,1.6290036553778036E-4)
(1994,1.604488347141422E-4)
(Netherlands,1.5887542327996194E-4)
(Sweden,1.5701471460663184E-4)
(Scientific_classification,1.567914738265398E-4)
(New_Zealand_2311,1.544740614690947E-4)
(1991,1.5227386977301492E-4)
(1993,1.5115320156450224E-4)
(Film,1.4953292708086988E-4)
(Actor,1.4767392874899277E-4)
(1990,1.4635850003807504E-4)
(Public_domain,1.4516534546255984E-4)
(1992,1.450365988389267E-4)
(California,1.4431238244215318E-4)
(1989,1.3563506654100285E-4)
(Latin,1.355985914648412E-4)
(Ireland,1.3228302035945524E-4)
(1980,1.30738661103112E-4)
(Album,1.306638429921907E-4)
(Record_producer,1.303841263703975E-4)
(1986,1.2892102567950035E-4)
(January_1,1.2803301434026677E-4)
(1985,1.2619845137584883E-4)
(1982,1.2541642810373412E-4)
(1979,1.2491678027201785E-4)
(1981,1.245658697607882E-4)
(1984,1.2339020710823607E-4)
(New_York_3da4,1.2295326070650264E-4)
(1987,1.228825122998708E-4)
(French_language,1.226177785504316E-4)
(1983,1.2258565012308195E-4)
(1974,1.2152575866468014E-4)
(Poland,1.2119746182372333E-4)
(Animal,1.2114520415982791E-4)
(Norway,1.2011143321038399E-4)
(1988,1.200502244071817E-4)
(1976,1.1822516351139063E-4)
(1970,1.1815266053900876E-4)
(Paris,1.1736286952085669E-4)
(1975,1.1724504468670663E-4)
(South_Africa_1287,1.1709411795272162E-4)
(Soviet_Union_ad1f,1.1592513088724481E-4)
(1969,1.1531808858910155E-4)
(Mexico,1.1529410245808542E-4)
(1972,1.1475112088351148E-4)
(Studio_album,1.1473350549001827E-4)
(1977,1.1454566107703237E-4)
(1945,1.1431361885855396E-4)
(Brazil,1.1374119659942795E-4)
(1978,1.1372821655147057E-4)
(Politician,1.1275933938588444E-4)
(Greece,1.1229117366160503E-4)
(Switzerland,1.1222585222700858E-4)
(1973,1.1106196852382536E-4)
(1971,1.0970505428927862E-4)
(1968,1.0870176979184748E-4)
(Iran,1.08568744151781E-4)
(1967,1.0842148601600947E-4)
(Pakistan,1.0797447215273564E-4)
(Egypt,1.0726221528914966E-4)
(World_War_I_9429,1.0720251611956344E-4)
