(United_States_09d4,0.0013443068793437835)
(2006,0.0012948407137902162)
(United_Kingdom_5ad7,7.069907540426482E-4)
(2005,5.979183168276625E-4)
(Biography,4.6847385711554034E-4)
(England,4.447241664097495E-4)
(France,4.245769178568253E-4)
(Canada,4.192805552387482E-4)
(2004,4.178622716172122E-4)
(Germany,3.8153896604671436E-4)
(Australia,3.5117593317208806E-4)
(India,3.2962248025097685E-4)
(2003,3.250862881795168E-4)
(Japan,3.0640186665536985E-4)
(Internet_Movie_Database_7ea7,2.874389792638405E-4)
(Italy,2.8185792915074896E-4)
(2002,2.7139218209404125E-4)
(2001,2.6099302256443426E-4)
(Europe,2.5370006352194176E-4)
(London,2.522276957733582E-4)
(Record_label,2.475109517078876E-4)
(World_War_II_d045,2.4282447901530482E-4)
(2000,2.3482506935040693E-4)
(English_language,2.317417611985525E-4)
(1999,2.2628217704485267E-4)
(Wiktionary,2.15950073997171E-4)
(Russia,2.118820202116647E-4)
(Music_genre,2.0649562434395813E-4)
(Geographic_coordinate_system,2.0542795130190636E-4)
(Spain,2.0503702147808088E-4)
(Wikimedia_Commons_7b57,1.985111898428969E-4)
(1998,1.9811024554407586E-4)
(1997,1.8948515672065897E-4)
(Television,1.8015292858950522E-4)
(Scotland,1.7717202294619504E-4)
(1996,1.7607954115812815E-4)
(New_York_City_1428,1.7398048754956014E-4)
(Football_(soccer),1.722694235704388E-4)
(1995,1.6841188255784805E-4)
(China,1.629003655377803E-4)
(1994,1.6044883471414225E-4)
(Netherlands,1.5887542327996186E-4)
(Sweden,1.5701471460663176E-4)
(Scientific_classification,1.5679147382653967E-4)
(New_Zealand_2311,1.5447406146909466E-4)
(1991,1.5227386977301497E-4)
(1993,1.511532015645023E-4)
(Film,1.4953292708086988E-4)
(Actor,1.4767392874899275E-4)
(1990,1.4635850003807496E-4)
(Public_domain,1.4516534546255981E-4)
(1992,1.4503659883892671E-4)
(California,1.4431238244215326E-4)
(1989,1.356350665410028E-4)
(Latin,1.3559859146484117E-4)
(Ireland,1.3228302035945527E-4)
(1980,1.3073866110311199E-4)
(Album,1.306638429921907E-4)
(Record_producer,1.303841263703975E-4)
(1986,1.2892102567950032E-4)
(January_1,1.2803301434026685E-4)
(1985,1.2619845137584886E-4)
(1982,1.2541642810373415E-4)
(1979,1.2491678027201785E-4)
(1981,1.2456586976078822E-4)
(1984,1.2339020710823605E-4)
(New_York_3da4,1.2295326070650266E-4)
(1987,1.2288251229987084E-4)
(French_language,1.226177785504316E-4)
(1983,1.2258565012308198E-4)
(1974,1.2152575866468016E-4)
(Poland,1.2119746182372333E-4)
(Animal,1.2114520415982787E-4)
(Norway,1.2011143321038407E-4)
(1988,1.2005022440718175E-4)
(1976,1.1822516351139057E-4)
(1970,1.1815266053900876E-4)
(Paris,1.1736286952085673E-4)
(1975,1.172450446867066E-4)
(South_Africa_1287,1.1709411795272163E-4)
(Soviet_Union_ad1f,1.1592513088724474E-4)
(1969,1.1531808858910152E-4)
(Mexico,1.1529410245808542E-4)
(1972,1.1475112088351145E-4)
(Studio_album,1.147335054900182E-4)
(1977,1.1454566107703237E-4)
(1945,1.1431361885855402E-4)
(Brazil,1.1374119659942791E-4)
(1978,1.137282165514706E-4)
(Politician,1.1275933938588446E-4)
(Greece,1.1229117366160506E-4)
(Switzerland,1.1222585222700852E-4)
(1973,1.1106196852382542E-4)
(1971,1.0970505428927858E-4)
(1968,1.087017697918475E-4)
(Iran,1.08568744151781E-4)
(1967,1.084214860160095E-4)
(Pakistan,1.0797447215273562E-4)
(Egypt,1.0726221528914966E-4)
(World_War_I_9429,1.0720251611956346E-4)
